#pos #identity #similarity #sim%<=thresh #entropy #compos
138 13.11 -0.43 0.10 0.00 (R:1.00)
139 88.52 3.54 0.00 0.00 (A:1.00)
140 62.30 2.36 0.18 0.00 (L:1.00)
141 14.75 2.90 0.07 0.00 (F:1.00)
142 70.49 4.08 0.18 0.00 (D:1.00)
143 39.34 4.13 0.00 0.00 (F:1.00)
144 4.92 -0.33 0.20 0.00 (N:1.00)
145 13.11 0.26 0.26 0.00 (G:1.00)
146 6.56 0.05 0.07 0.00 (N:1.00)
147 13.11 0.66 0.36 0.00 (D:1.00)
148 13.11 0.57 0.43 0.00 (E:1.00)
149 11.48 0.98 0.20 0.00 (E:1.00)
150 29.51 2.90 0.05 0.00 (D:1.00)
151 80.33 3.49 0.02 0.00 (L:1.00)
152 8.20 -0.44 0.92 0.00 (P:1.00)
153 57.38 3.34 0.07 0.00 (F:1.00)
154 31.15 1.52 0.31 0.00 (K:1.00)
155 39.34 2.21 0.18 0.00 (K:1.00)
156 78.69 4.62 0.07 0.00 (G:1.00)
157 54.10 3.70 0.08 0.00 (D:1.00)
158 19.67 0.36 0.11 0.00 (I:1.00)
159 21.31 1.84 0.10 0.00 (L:1.00)
160 4.92 -0.79 0.34 0.00 (R:1.00)
161 31.15 2.69 0.00 0.00 (I:1.00)
162 0.00 -2.25 0.54 0.00 (R:1.00)
163 14.75 1.21 0.26 0.00 (D:1.00)
164 32.79 1.25 0.30 0.00 (K:1.00)
165 3.28 -1.18 0.87 0.00 (P:1.00)
166 18.03 1.13 0.23 0.00 (E:1.00)
167 18.03 0.74 0.33 0.00 (E:1.00)
168 1.64 -0.51 0.30 0.00 (Q:1.00)
169 100.00 11.00 0.00 0.00 (W:1.00)
170 62.30 6.54 0.18 0.00 (W:1.00)
171 1.64 -0.49 0.05 0.00 (N:1.00)
172 34.43 1.31 0.05 0.00 (A:1.00)
173 22.95 1.15 0.11 0.00 (E:1.00)
174 8.20 -1.16 0.16 0.00 (D:1.00)
175 3.28 -0.34 0.41 0.00 (S:1.00)
176 1.64 -1.33 0.34 0.00 (E:1.00)
177 18.03 -1.05 0.33 0.00 (G:1.00)
178 24.59 1.02 0.15 0.00 (K:1.00)
179 11.48 0.00 0.20 0.00 (R:1.00)
180 96.72 5.70 0.02 0.00 (G:1.00)
181 6.56 0.69 0.34 0.00 (M:1.00)
182 32.79 2.21 0.05 0.00 (I:1.00)
183 98.36 6.85 0.02 0.00 (P:1.00)
184 6.56 -0.93 0.51 0.00 (V:1.00)
