1.3  134
2.0  135
2.2  136
1.4  137
1.1  138
1.0  139
2.2  140
1.4  141
2.0  142
1.0  143
1.4  144
1.0  145
1.7  146
2.0  147
1.8  148
1.6  149
2.0  150
1.0  151
1.0  152
1.0  153
2.8  154
2.0  155
1.0  156
1.1  157
1.6  158
1.0  159
2.2  160
1.0  161
2.0  162
1.6  163
1.4  164
1.0  165
1.0  166
1.2  167
1.2  168
1.1  169
2.0  170
1.0  171
1.0  172
1.0  173
2.0  174
1.5  175
2.0  176
1.0  177
2.2  178
1.4  179
1.0  180
2.3  181
1.0  182
1.0  183
1.0  184
1.0  185
1.1  186
1.1  187
2.5  188
1.8  189
1.8  190
