3.9  134
4.3  135
3.4  136
2.9  137
2.1  138
2.1  139
4.0  140
1.9  141
3.1  142
2.4  143
3.9  144
1.0  145
3.4  146
4.1  147
3.6  148
4.3  149
2.9  150
1.3  151
1.0  152
3.2  153
4.8  154
3.9  155
1.0  156
2.0  157
2.6  158
2.2  159
4.6  160
1.9  161
3.1  162
2.7  163
2.8  164
1.0  165
2.9  166
3.1  167
3.3  168
1.9  169
3.5  170
1.8  171
1.8  172
2.8  173
2.7  174
3.2  175
4.1  176
1.0  177
4.2  178
3.7  179
1.0  180
2.9  181
1.6  182
1.0  183
3.7  184
1.0  185
1.8  186
1.9  187
4.4  188
4.5  189
2.8  190
