3.8  134
4.7  135
3.7  136
3.4  137
2.5  138
2.2  139
4.2  140
1.9  141
3.4  142
2.8  143
3.8  144
1.0  145
3.4  146
4.4  147
3.7  148
4.4  149
3.2  150
1.4  151
1.0  152
3.5  153
4.7  154
4.1  155
1.0  156
2.4  157
3.0  158
2.4  159
4.9  160
2.4  161
3.5  162
3.1  163
3.3  164
1.0  165
3.4  166
3.2  167
3.4  168
2.4  169
3.8  170
2.3  171
2.0  172
3.5  173
3.2  174
3.6  175
4.3  176
1.0  177
4.3  178
4.1  179
1.0  180
3.3  181
2.0  182
1.0  183
4.1  184
1.0  185
1.9  186
2.3  187
4.3  188
4.3  189
3.2  190
