3.9  134
4.8  135
3.5  136
3.4  137
2.4  138
2.1  139
4.1  140
2.0  141
3.5  142
2.6  143
3.9  144
1.0  145
3.5  146
4.4  147
3.7  148
4.5  149
3.0  150
1.5  151
1.0  152
3.5  153
4.9  154
4.0  155
1.0  156
2.4  157
3.2  158
2.4  159
4.9  160
2.6  161
4.0  162
3.5  163
3.0  164
1.0  165
3.9  166
3.3  167
3.6  168
2.8  169
3.5  170
2.5  171
1.8  172
3.6  173
3.0  174
3.7  175
4.4  176
1.0  177
4.3  178
4.0  179
1.0  180
3.2  181
2.0  182
1.0  183
4.2  184
1.0  185
2.2  186
2.2  187
4.4  188
4.5  189
2.9  190
