1.3  134
2.0  135
2.2  136
1.3  137
1.0  138
1.6  139
1.8  140
1.3  141
2.1  142
1.3  143
1.4  144
1.0  145
1.7  146
2.0  147
1.8  148
1.9  149
2.0  150
1.0  151
1.0  152
1.8  153
2.7  154
2.0  155
1.0  156
1.2  157
1.4  158
1.3  159
2.3  160
1.2  161
2.0  162
1.7  163
1.6  164
1.0  165
1.0  166
1.1  167
1.3  168
1.3  169
2.2  170
1.0  171
1.2  172
1.0  173
2.0  174
1.3  175
1.9  176
1.0  177
2.4  178
1.5  179
1.0  180
2.1  181
1.1  182
1.0  183
1.0  184
1.0  185
1.4  186
1.2  187
2.9  188
1.9  189
2.0  190
