ILE 0.146390 0.124323 0.057170 0.024366 0.032447 0.031969 0.053314 0.039187 0.027233 0.030090 0.043790 0.040643 0.041801 0.031348 0.035327 0.033061 0.039900 0.042908 0.040459 0.036996 0.040484 0.035266 0.040224 0.042456 0.040238 0.032693 0.035237 0.035146 0.041699 0.036929 0.035350 0.041826 0.037326 0.038222 0.035156 0.044378 0.042253 0.039396 0.036298 0.039721 0.033657 0.041726 0.038143 0.039342 0.035222 0.031110 0.038125
GLN 0.028387 0.034442 0.048837 0.049565 0.076328 0.087720 0.051590 0.029772 0.031804 0.059649 0.059041 0.052361 0.041077 0.050039 0.049535 0.051083 0.054039 0.045277 0.047172 0.043056 0.052949 0.050981 0.047527 0.051796 0.052198 0.049974 0.041414 0.043618 0.046365 0.055872 0.043803 0.045268 0.053355 0.047190 0.048086 0.051267 0.056282 0.045966 0.053150 0.050039 0.052227 0.040605 0.045460 0.050029 0.048558 0.055364 0.038659
GLY 0.000000 0.000000 0.000000 0.000000 0.000000 0.000000 0.000000 0.000000 0.000000 0.000000 0.000000 0.000000 0.000000 0.000000 0.000000 0.000000 0.000000 0.000000 0.000000 0.000000 0.000000 0.000000 0.000000 0.000000 0.000000 0.000000 0.000000 0.000000 0.000000 0.000000 0.000000 0.000000 0.000000 0.000000 0.000000 0.000000 0.000000 0.000000 0.000000 0.000000 0.000000 0.000000 0.000000 0.000000 0.000000 0.000000 0.000000
GLU 0.049763 0.056846 0.053480 0.068186 0.081294 0.108427 0.110974 0.155087 0.154944 0.128927 0.129173 0.137771 0.144525 0.132992 0.140152 0.135483 0.146764 0.139359 0.135292 0.133168 0.142243 0.135808 0.150504 0.144284 0.146056 0.140065 0.131237 0.140392 0.140198 0.146636 0.149513 0.143823 0.136903 0.133755 0.143850 0.139394 0.156531 0.137287 0.130637 0.132756 0.136738 0.139004 0.141819 0.133252 0.143252 0.143962 0.150995
CYS 0.038915 0.103567 0.234209 0.184532 0.101619 0.071528 0.079379 0.101739 0.099003 0.091619 0.089705 0.103159 0.090045 0.089674 0.095951 0.092281 0.090985 0.081758 0.110949 0.106184 0.088079 0.090329 0.091020 0.092080 0.105315 0.085521 0.087314 0.103077 0.092221 0.098254 0.085159 0.084917 0.084834 0.111230 0.093003 0.093128 0.090025 0.098546 0.100834 0.086887 0.099148 0.087413 0.109440 0.086464 0.083756 0.099071 0.090569
ASP 0.003769 0.003276 0.006625 0.009100 0.009410 0.018147 0.028355 0.051154 0.051814 0.039375 0.045010 0.040852 0.050371 0.048129 0.034639 0.048426 0.047048 0.042538 0.047800 0.038350 0.039243 0.046201 0.040292 0.044371 0.037900 0.038852 0.043595 0.041792 0.045741 0.038733 0.046121 0.038897 0.039592 0.036043 0.040859 0.040367 0.039986 0.045312 0.044374 0.040561 0.052508 0.048628 0.042498 0.043942 0.041686 0.038232 0.042781
SER 0.027213 0.044775 0.080284 0.248314 0.221697 0.072181 0.049046 0.066671 0.128046 0.111193 0.077791 0.066773 0.088577 0.108732 0.094727 0.075067 0.071461 0.096767 0.095293 0.080573 0.079567 0.091557 0.102258 0.080016 0.065583 0.094828 0.101782 0.086682 0.074828 0.083692 0.089938 0.098290 0.092360 0.073589 0.082060 0.108189 0.083579 0.077825 0.083452 0.091860 0.099625 0.086209 0.075911 0.083035 0.106753 0.081242 0.077695
LYS 0.047956 0.058761 0.042934 0.039680 0.069454 0.109466 0.130265 0.137634 0.105449 0.101218 0.096546 0.114284 0.131541 0.111831 0.099450 0.108269 0.118257 0.115959 0.110705 0.122743 0.117392 0.101461 0.100657 0.121759 0.116324 0.112739 0.109827 0.112428 0.107481 0.125637 0.111871 0.107745 0.107419 0.118653 0.126598 0.103450 0.109397 0.107460 0.106840 0.124465 0.120317 0.106183 0.100570 0.113603 0.116260 0.108629 0.126757
PRO 0.000000 0.000000 0.000000 0.000000 0.000000 0.000000 0.000000 0.000000 0.000000 0.000000 0.000000 0.000000 0.000000 0.000000 0.000000 0.000000 0.000000 0.000000 0.000000 0.000000 0.000000 0.000000 0.000000 0.000000 0.000000 0.000000 0.000000 0.000000 0.000000 0.000000 0.000000 0.000000 0.000000 0.000000 0.000000 0.000000 0.000000 0.000000 0.000000 0.000000 0.000000 0.000000 0.000000 0.000000 0.000000 0.000000 0.000000
HID 0.000748 0.003218 0.003342 0.008940 0.015729 0.025470 0.020563 0.013555 0.015203 0.020252 0.020175 0.018477 0.017450 0.016056 0.017801 0.014969 0.015863 0.028023 0.016156 0.014307 0.016511 0.022713 0.016559 0.019545 0.016255 0.019627 0.014544 0.017437 0.026037 0.014814 0.018078 0.014976 0.019147 0.021223 0.017922 0.016298 0.020150 0.016580 0.014195 0.015320 0.019082 0.021764 0.016215 0.020616 0.012921 0.023928 0.015198
HIE 0.000935 0.001590 0.005556 0.011502 0.015574 0.018972 0.012002 0.014837 0.014012 0.012090 0.015143 0.016103 0.013952 0.019710 0.011088 0.014435 0.011915 0.025044 0.014083 0.014104 0.011619 0.013139 0.017079 0.011673 0.013905 0.013598 0.013057 0.014287 0.019184 0.014182 0.009693 0.014208 0.019991 0.017140 0.018879 0.010917 0.021070 0.014812 0.013194 0.015728 0.012874 0.019863 0.015640 0.013017 0.009288 0.013179 0.014312
ASN 0.012212 0.018526 0.022180 0.030502 0.088916 0.140088 0.105827 0.070803 0.069895 0.103411 0.092414 0.085197 0.070782 0.088449 0.086493 0.091899 0.080333 0.088141 0.084697 0.089769 0.088300 0.084095 0.082489 0.083551 0.083142 0.105380 0.088870 0.085198 0.081052 0.086560 0.092596 0.087322 0.090529 0.077470 0.078798 0.088269 0.082412 0.092811 0.088399 0.083766 0.085617 0.082407 0.093466 0.084075 0.095336 0.080569 0.085268
HIP 0.006293 0.012744 0.017840 0.022843 0.028983 0.027538 0.017241 0.017553 0.016940 0.014833 0.023232 0.016709 0.025238 0.018786 0.016426 0.017885 0.015178 0.028014 0.020391 0.014722 0.015667 0.025341 0.020525 0.017100 0.019817 0.022310 0.016654 0.021237 0.020910 0.015414 0.020474 0.018639 0.020301 0.016357 0.016114 0.015568 0.021029 0.020390 0.019419 0.015234 0.021642 0.027375 0.022128 0.017772 0.017317 0.018099 0.022513
VAL 0.058859 0.057034 0.026295 0.012815 0.015320 0.023364 0.026251 0.015942 0.009426 0.013692 0.016730 0.017513 0.022416 0.013633 0.018892 0.013047 0.017462 0.016140 0.013135 0.014056 0.018604 0.014148 0.016573 0.017833 0.017838 0.009880 0.020133 0.015403 0.017746 0.015059 0.015041 0.015894 0.016931 0.022597 0.016176 0.017432 0.010475 0.012151 0.017157 0.013968 0.016399 0.013402 0.017469 0.018279 0.015367 0.013494 0.015144
THR 0.022193 0.042455 0.072318 0.054213 0.036925 0.027638 0.024365 0.032738 0.031029 0.032187 0.029083 0.033240 0.031919 0.026860 0.034517 0.029571 0.038416 0.024182 0.028371 0.031044 0.028338 0.032452 0.033994 0.029305 0.034915 0.030258 0.027567 0.029196 0.035060 0.035388 0.027383 0.028710 0.028059 0.035899 0.039620 0.026141 0.031825 0.030946 0.032053 0.026247 0.029824 0.028035 0.038889 0.032133 0.026212 0.029923 0.033641
TRP 0.000552 0.008385 0.043167 0.042334 0.020030 0.004442 0.007394 0.018888 0.019754 0.012884 0.007853 0.008640 0.008366 0.017330 0.012099 0.013707 0.013835 0.008082 0.010046 0.019140 0.014988 0.012557 0.005613 0.015409 0.015988 0.014348 0.013904 0.011756 0.009159 0.012334 0.016040 0.010252 0.013945 0.010399 0.015710 0.008553 0.011403 0.014452 0.013835 0.013386 0.015794 0.009380 0.012372 0.016398 0.013335 0.009685 0.013075
PHE 0.000279 0.003790 0.020545 0.035389 0.012792 0.001743 0.003471 0.008507 0.008474 0.004703 0.004181 0.006888 0.005470 0.008128 0.007703 0.004874 0.006009 0.004048 0.003538 0.007000 0.006308 0.008594 0.002477 0.008105 0.006332 0.004699 0.006003 0.003990 0.003330 0.009403 0.004976 0.004442 0.005969 0.005002 0.008224 0.005031 0.004821 0.006697 0.006228 0.004065 0.002232 0.006034 0.002168 0.008099 0.005223 0.005793 0.003416
ALA 0.004609 0.023802 0.037136 0.016746 0.016105 0.018001 0.012812 0.017048 0.015916 0.016072 0.012891 0.014956 0.012075 0.015379 0.016722 0.014176 0.013366 0.013923 0.015079 0.015143 0.013815 0.015351 0.011807 0.014906 0.018688 0.011987 0.013261 0.015616 0.018523 0.020697 0.011028 0.016121 0.014455 0.020107 0.014289 0.013147 0.013825 0.017116 0.015328 0.013043 0.013066 0.015476 0.016894 0.016258 0.013449 0.013515 0.015848
MET 0.167397 0.053654 0.014193 0.009097 0.011427 0.030305 0.020427 0.007659 0.017390 0.017254 0.019899 0.010369 0.009624 0.029009 0.016160 0.018487 0.014086 0.016332 0.011671 0.011594 0.023967 0.019571 0.012898 0.012096 0.014709 0.023865 0.019462 0.008160 0.014410 0.014863 0.026411 0.018202 0.015100 0.011218 0.016363 0.011275 0.021341 0.018851 0.010564 0.020470 0.011435 0.020593 0.013541 0.016012 0.013724 0.023165 0.013096
LEU 0.336186 0.309874 0.168926 0.071833 0.087504 0.112479 0.148171 0.095089 0.069474 0.073837 0.102922 0.113628 0.101359 0.075910 0.095776 0.099821 0.097966 0.098317 0.091184 0.101080 0.082004 0.082889 0.094729 0.095292 0.101439 0.088217 0.094731 0.099506 0.103019 0.076763 0.093213 0.101881 0.088589 0.092415 0.090155 0.104651 0.084539 0.098741 0.105224 0.100757 0.071897 0.103447 0.093748 0.106471 0.085587 0.096905 0.105447
ARG 0.044297 0.036401 0.039035 0.039276 0.044296 0.056541 0.084575 0.097428 0.106867 0.098982 0.097241 0.090949 0.083855 0.086582 0.107178 0.107162 0.087181 0.074785 0.097792 0.096968 0.107684 0.097402 0.094961 0.090606 0.085350 0.090730 0.095808 0.101910 0.095626 0.089341 0.090747 0.093851 0.101734 0.095167 0.088138 0.092189 0.091140 0.090636 0.094804 0.091918 0.093913 0.094243 0.095778 0.090857 0.095302 0.099883 0.087683
TYR 0.003047 0.002537 0.005928 0.020765 0.014152 0.013981 0.013976 0.008709 0.007327 0.017733 0.017180 0.011488 0.009558 0.011424 0.009363 0.016298 0.019936 0.010402 0.006184 0.010003 0.012239 0.020144 0.017814 0.007814 0.008010 0.010429 0.025600 0.013167 0.007411 0.009430 0.012564 0.014736 0.013463 0.016325 0.009999 0.010357 0.007914 0.014025 0.014014 0.019808 0.012004 0.008212 0.007851 0.010346 0.021450 0.014251 0.009778
