ILE 0.176376 0.183369 0.196260 0.180068 0.176601 0.184855 0.173845 0.184461 0.172407 0.174087 0.174721 0.192498 0.172273 0.167365 0.189209 0.173857 0.177707 0.177771 0.179365 0.184673 0.173046 0.179249 0.185838 0.185997 0.183683 0.167530 0.175850 0.189509 0.176296 0.168670 0.187194 0.177254 0.171476 0.168671 0.157970 0.182425 0.179459 0.177835 0.183109 0.161286 0.172315 0.179389 0.182514 0.181123 0.182543 0.165265 0.180627
GLN 0.002178 0.010946 0.021213 0.025198 0.023908 0.011242 0.014792 0.019536 0.018571 0.013532 0.013855 0.012848 0.012807 0.013534 0.017195 0.016164 0.016288 0.017537 0.012571 0.012976 0.015284 0.018747 0.014477 0.017498 0.012843 0.015515 0.019339 0.011561 0.014962 0.013789 0.012869 0.019144 0.015372 0.014556 0.014481 0.012454 0.017019 0.015324 0.013492 0.016464 0.015471 0.017741 0.013029 0.010629 0.018936 0.019616 0.012546
GLY 0.000000 0.000000 0.000000 0.000000 0.000000 0.000000 0.000000 0.000000 0.000000 0.000000 0.000000 0.000000 0.000000 0.000000 0.000000 0.000000 0.000000 0.000000 0.000000 0.000000 0.000000 0.000000 0.000000 0.000000 0.000000 0.000000 0.000000 0.000000 0.000000 0.000000 0.000000 0.000000 0.000000 0.000000 0.000000 0.000000 0.000000 0.000000 0.000000 0.000000 0.000000 0.000000 0.000000 0.000000 0.000000 0.000000 0.000000
GLU 0.015427 0.022816 0.024435 0.028002 0.039932 0.049149 0.047709 0.040073 0.036818 0.041761 0.041236 0.045450 0.040982 0.044335 0.045004 0.050724 0.042653 0.037285 0.039896 0.042015 0.051750 0.048109 0.044024 0.042375 0.039641 0.040078 0.040584 0.041083 0.045288 0.044365 0.040864 0.045711 0.051613 0.042113 0.042366 0.038571 0.042640 0.036183 0.046947 0.049825 0.048922 0.044078 0.038906 0.042666 0.043136 0.045289 0.039744
CYS 0.081703 0.090815 0.100842 0.100235 0.097262 0.087163 0.078425 0.083113 0.088873 0.087023 0.089540 0.091058 0.097477 0.090549 0.080500 0.083578 0.097884 0.095978 0.094025 0.092692 0.091358 0.096341 0.091380 0.081649 0.087725 0.086505 0.108265 0.087840 0.076151 0.086396 0.093862 0.085482 0.098176 0.092362 0.096756 0.085280 0.083796 0.090999 0.081737 0.096222 0.088926 0.094066 0.090611 0.085288 0.079133 0.086189 0.088438
ASP 0.010223 0.013492 0.016981 0.020991 0.026400 0.036550 0.036002 0.023933 0.027880 0.034035 0.034218 0.033575 0.031558 0.030649 0.035417 0.031627 0.026228 0.026814 0.030853 0.032112 0.034860 0.032525 0.030282 0.031691 0.028403 0.032868 0.032807 0.031394 0.033913 0.039266 0.027840 0.027520 0.035911 0.029533 0.029869 0.026300 0.031405 0.027132 0.029400 0.036546 0.028919 0.030644 0.030101 0.033097 0.028235 0.031057 0.033912
SER 0.047059 0.056496 0.065232 0.057643 0.050690 0.045471 0.050656 0.060139 0.051287 0.057528 0.053162 0.048956 0.041502 0.062192 0.057760 0.053661 0.051330 0.049428 0.060135 0.034801 0.057655 0.055926 0.055587 0.056910 0.045282 0.051371 0.048198 0.045239 0.060907 0.066975 0.044359 0.050313 0.054134 0.055057 0.059298 0.042927 0.047044 0.051959 0.047658 0.051078 0.070442 0.047629 0.053999 0.045861 0.057014 0.056558 0.040179
LYS 0.034389 0.028826 0.020804 0.025487 0.029478 0.048122 0.036553 0.034004 0.034148 0.032956 0.033166 0.038578 0.037376 0.036981 0.030003 0.038319 0.042664 0.043587 0.030218 0.030001 0.031211 0.038905 0.036153 0.034284 0.033721 0.034484 0.037356 0.040275 0.035397 0.035401 0.031465 0.033409 0.031224 0.035921 0.038884 0.034631 0.037677 0.038870 0.038201 0.030787 0.033435 0.034336 0.034263 0.043912 0.026950 0.035314 0.035419
PRO 0.000000 0.000000 0.000000 0.000000 0.000000 0.000000 0.000000 0.000000 0.000000 0.000000 0.000000 0.000000 0.000000 0.000000 0.000000 0.000000 0.000000 0.000000 0.000000 0.000000 0.000000 0.000000 0.000000 0.000000 0.000000 0.000000 0.000000 0.000000 0.000000 0.000000 0.000000 0.000000 0.000000 0.000000 0.000000 0.000000 0.000000 0.000000 0.000000 0.000000 0.000000 0.000000 0.000000 0.000000 0.000000 0.000000 0.000000
HID 0.003235 0.003398 0.000926 0.003098 0.006339 0.002903 0.002149 0.005308 0.003180 0.003226 0.001499 0.001671 0.003481 0.002960 0.002698 0.003077 0.002499 0.004699 0.001865 0.003261 0.004355 0.002181 0.004795 0.002882 0.001067 0.000778 0.004938 0.002129 0.003090 0.003493 0.003475 0.002484 0.001713 0.003204 0.001610 0.002337 0.003214 0.005716 0.001717 0.004230 0.001596 0.003045 0.004097 0.002103 0.002911 0.005813 0.002910
HIE 0.000732 0.004867 0.000931 0.001317 0.002408 0.002245 0.004545 0.004759 0.001965 0.003102 0.002873 0.000908 0.002128 0.006681 0.001699 0.003194 0.007281 0.001875 0.001246 0.000891 0.001132 0.007742 0.004648 0.005719 0.001299 0.003362 0.005426 0.003071 0.005915 0.002966 0.001841 0.001075 0.003158 0.005541 0.003568 0.003447 0.001394 0.002038 0.002011 0.004016 0.003453 0.005896 0.000966 0.002746 0.002619 0.005397 0.001452
ASN 0.004672 0.017220 0.021384 0.037947 0.027551 0.020161 0.023170 0.025365 0.029177 0.034278 0.024871 0.026026 0.033047 0.022026 0.027597 0.032961 0.025657 0.036447 0.023437 0.019207 0.025200 0.025356 0.033944 0.028483 0.025558 0.029097 0.024217 0.025644 0.026146 0.033022 0.029387 0.026620 0.028399 0.023207 0.026156 0.026814 0.022071 0.033012 0.025847 0.030860 0.038720 0.022590 0.019572 0.018601 0.032885 0.032291 0.030878
HIP 0.000421 0.003795 0.002924 0.006967 0.009078 0.006106 0.002522 0.003865 0.006448 0.007252 0.005280 0.004075 0.005009 0.005794 0.003857 0.006297 0.005527 0.007388 0.003413 0.004077 0.002301 0.004909 0.003277 0.004568 0.002796 0.003177 0.007986 0.004078 0.004552 0.005758 0.003389 0.004829 0.004287 0.006981 0.005806 0.007628 0.002273 0.004761 0.006874 0.006999 0.006290 0.006102 0.001413 0.002770 0.005753 0.003107 0.005430
VAL 0.152644 0.151507 0.151365 0.139705 0.133269 0.141299 0.143712 0.141163 0.145345 0.140394 0.138942 0.139181 0.143149 0.147989 0.144377 0.143282 0.136750 0.138310 0.144564 0.145009 0.146421 0.142931 0.137657 0.140600 0.147196 0.132482 0.133273 0.133842 0.138343 0.141792 0.146593 0.148298 0.139223 0.149552 0.145113 0.155773 0.152318 0.139380 0.146013 0.143397 0.125045 0.140227 0.141010 0.138411 0.153517 0.146075 0.144629
THR 0.011905 0.016054 0.015428 0.014417 0.014568 0.017186 0.015744 0.016012 0.019330 0.023078 0.023790 0.013289 0.018613 0.016724 0.011821 0.012255 0.018470 0.013683 0.014118 0.011786 0.015969 0.021130 0.017505 0.018260 0.011814 0.019821 0.020142 0.012109 0.019741 0.020127 0.016076 0.009604 0.018359 0.015788 0.018489 0.012948 0.017331 0.011308 0.010307 0.021864 0.022251 0.017512 0.015576 0.015729 0.009359 0.015482 0.014175
TRP 0.021455 0.021297 0.016272 0.012835 0.016591 0.018800 0.027187 0.026407 0.022798 0.011930 0.021649 0.019665 0.020507 0.019631 0.020994 0.019438 0.017697 0.022342 0.020085 0.021642 0.021005 0.014991 0.019440 0.016563 0.025387 0.022752 0.015452 0.018357 0.022129 0.018517 0.016459 0.022157 0.020372 0.020767 0.018902 0.020609 0.018343 0.017074 0.021510 0.020028 0.017878 0.024286 0.019005 0.021472 0.019405 0.023046 0.023378
PHE 0.037092 0.028902 0.022077 0.021669 0.020786 0.025950 0.031798 0.025826 0.023524 0.020390 0.025999 0.024686 0.024270 0.024470 0.024090 0.024514 0.023227 0.023367 0.022898 0.027556 0.026034 0.021513 0.022287 0.025157 0.027342 0.028513 0.023820 0.025138 0.023080 0.025095 0.024531 0.024634 0.021756 0.025424 0.023717 0.025687 0.027168 0.025862 0.023731 0.020740 0.024285 0.021248 0.028937 0.031424 0.023725 0.020015 0.023560
ALA 0.055413 0.057668 0.049721 0.058022 0.056893 0.051816 0.051105 0.047819 0.045722 0.051073 0.053049 0.052539 0.052322 0.049408 0.046446 0.044634 0.051877 0.056356 0.042559 0.058430 0.048688 0.046097 0.047851 0.046637 0.055360 0.056901 0.051291 0.050031 0.051382 0.047121 0.051212 0.055369 0.046230 0.051065 0.054027 0.056039 0.048849 0.051448 0.051032 0.046106 0.044884 0.052343 0.053859 0.058751 0.045824 0.047344 0.051931
MET 0.148717 0.057497 0.015039 0.009098 0.015464 0.016124 0.024428 0.017529 0.022143 0.019165 0.027090 0.015528 0.020814 0.016491 0.017609 0.022565 0.019116 0.013483 0.024128 0.023525 0.019381 0.015725 0.023387 0.015089 0.018745 0.029515 0.012943 0.021229 0.022034 0.025120 0.017090 0.016785 0.015238 0.018180 0.023855 0.021934 0.016589 0.019732 0.016303 0.021668 0.022081 0.018921 0.019364 0.018963 0.015471 0.020610 0.024608
LEU 0.189522 0.196112 0.198928 0.192372 0.197502 0.192111 0.187041 0.189013 0.195565 0.191505 0.178050 0.184008 0.183939 0.190058 0.187401 0.192451 0.188130 0.185338 0.190743 0.196523 0.176932 0.176002 0.173747 0.191568 0.198971 0.187122 0.194063 0.200062 0.188977 0.169477 0.197154 0.191785 0.182630 0.189778 0.186285 0.192296 0.205484 0.196735 0.199881 0.185872 0.183700 0.180517 0.196528 0.198001 0.193457 0.187472 0.188404
ARG 0.002239 0.016988 0.028703 0.026599 0.022323 0.019797 0.023093 0.031412 0.027760 0.021330 0.028013 0.027796 0.027114 0.023415 0.029687 0.022531 0.023997 0.021500 0.035027 0.030393 0.034536 0.023218 0.026460 0.023194 0.026238 0.030491 0.023008 0.026307 0.020719 0.027732 0.031713 0.029841 0.026081 0.024372 0.027427 0.021348 0.026983 0.027908 0.023123 0.022678 0.026743 0.030846 0.028835 0.020886 0.028304 0.026043 0.028799
TYR 0.004600 0.017933 0.030535 0.038328 0.032956 0.022952 0.025524 0.020265 0.027058 0.032357 0.028996 0.027666 0.031635 0.028747 0.026638 0.024873 0.025019 0.026814 0.028854 0.028430 0.022882 0.028401 0.027260 0.030877 0.026929 0.027641 0.021042 0.031104 0.030978 0.024916 0.022626 0.027685 0.034649 0.027929 0.025419 0.030552 0.018943 0.026723 0.031107 0.029338 0.024644 0.028584 0.027416 0.027567 0.030823 0.028018 0.028981
