0  3177.90
0  3989.21
0  5119.59
0  6849.02
0  3990.18
0  1685.84
0  1497.43
0  4903.49
0  2517.09
5  2779.48
5  14114.91
5  12249.14
5  14878.92
5  13343.75
5  13932.08
5  30664.81
5  17138.54
5  21965.36
5  22672.53
5  22260.33
5  22436.66
5  22235.02
5  14934.75
5  6930.76
5  5311.64
5  8369.95
5  23575.32
5  11685.49
5  9083.39
5  11922.84
5  2857.02
5  2879.59
5  1662.85
5  3250.39
5  3247.72
5  3273.58
5  3250.08
5  3293.14
5  2289.04
5  2644.96
5  2635.62
10  1735.75
10  3242.78
10  3127.17
10  1863.61
10  2682.57
10  3122.61
10  3112.90
10  3078.34
10  3550.46
10  3585.35
10  3688.94
10  3601.52
10  3529.46
10  2604.62
10  2556.33
10  2569.67
10  2551.33
10  2555.23
10  2983.72
10  3054.04
10  1605.86
20  21054.89
20  20662.77
20  29232.81
20  7835.98
20  11410.92
20  9660.50
20  7638.04
20  9862.99
20  9200.65
20  5089.81
20  4838.32
20  4646.65
20  5093.66
20  4969.04
20  4984.05
20  2996.42
20  3017.17
20  2984.24
20  2744.98
20  4583.96
20  9851.70
20  60921.37
20  55011.47
20  7242.32
20  6689.42
20  6594.80
20  13572.87
20  13371.10
20  20371.42
20  6942.31
20  3264.50
20  24409.36
20  24271.14
20  35165.99
20  10438.82
20  11032.11
20  16776.59
20  11743.02
20  12167.57
30  18367.06
30  18285.39
30  18487.15
30  8909.32
30  19544.39
30  15971.10
30  17792.91
30  17067.78
30  8829.26
30  8094.40
30  11531.74
30  12543.99
30  24393.72
30  22214.83
30  24006.45
30  14165.18
30  14312.01
30  24659.58
30  27626.69
30  25951.52
30  33640.82
30  16630.91
30  25783.59
30  32871.91
30  24527.30
30  21857.61
30  22619.64
30  17292.62
30  16990.88
30  12650.43
30  10690.60
30  16386.32
30  17962.68
30  17263.55
30  10708.12
30  15513.22
30  10960.94
30  20040.95
30  12538.49
30  21076.11
30  16063.36
30  12607.36
30  20437.50
92 44455.30 
48 24929.06
88 34762.22
49 35818.29
76 29198.00
88 11764.45
96 62137.18
72 12247.96
82 21504.27
