30  18367.06
30  18285.39
30  18487.15
30  8909.32
30  19544.39
30  15971.10
30  17792.91
30  17067.78
30  8829.26
30  8094.40
30  11531.74
30  12543.99
30  24393.72
30  22214.83
30  24006.45
30  14165.18
30  14312.01
30  24659.58
30  27626.69
30  25951.52
30  33640.82
30  16630.91
30  25783.59
30  32871.91
30  24527.30
30  21857.61
30  22619.64
30  17292.62
30  16990.88
30  12650.43
30  10690.60
30  16386.32
30  17962.68
30  17263.55
30  10708.12
30  15513.22
30  10960.94
30  20040.95
30  12538.49
30  21076.11
30  16063.36
30  12607.36
30  20437.50
