0  15.00
0  1.07
0  17.96
0  1.73
0  10.00
0  12.42
0  38.38
0  3.49
0  12.23
5  2035.00
5  2021.91
5  2115.4
5  2105.0
5  1360.79
5  1038.00
5  2851.87
5  2364.37
5  1167.66
5  1682.20
5  545.00
5  3709.25
5  1552.10
5  1207
5  7221.07
5  1967.45
5  1457.60
5  1292.19
5  1208.28
5  10472.94
5  4528.46
5  1404.94
5  1959.51
5  1180.4
5  1350.1
5  1511.91
5  2049.11
5  1565.09
5  5791.59
5  1008.17
5  3921.28
5  3861.45
5  1775.43
10  2489.93
10  6336.65
10  4589.66
10  9747.46
10  10882.73
10  21767.32
10  6995.86
10  11693.07
10  20431.71
10  7057.25
10  4123.44
10  4773.54
10  5093.66
10  4969.04
10  4984.05
10  2996.42
10  2981.72
10  3798.17
10  2984.24
10  2715.18
20  10113.36
20  9471.08
20  5637.51
20  8760.19
20  9446.86
20  10082.70
20  7353.08
20  10549.01
20  8743.95
20  12006.57
20  11226.19
20  8648.70
20  10272.00
20  12448.14
20  10444.66
20  18080.30
20  14248.58
20  17631.28
20  8636.69
20  13060.04
20  8360.70
20  9435.67
20  12882.01
20  8779.57
20  9231.93
20  7143.20
20  3816.26
20  7477.02
20  7115.34
20  6110.57
20  6080.08
20  5962.04
20  6780.01
20  5892.00
20  4805.39
20  12818.29
20  11876.10
20  11741.66
20  10047.53
20  6439.80
20  7815.96
20  6141.53
20  6767.55
20  6959.91
20  7989.72
30  7801.81
30  10810.56
30  10911.06
30  10930.56
30  10864.65
30  12961.72
30  18852.69
30  13568.98
30  16523.19
30  16412.02
30  11132.21
30  16633.90
30  33292.76
30  20469.18
30  17508.19
30  18130.69
30  19895.75
30  21255.24
30  20569.54
30  28421.76
30  5336.60
30  7475.87
30  6666.97
30  7452.08
30  6746.70
30  12859.17
30  15901.21
30  11219.35
30  12250.05
30  10904.34
30  13197.56
30  6202.78
30  6976.89
30  6310.85
30  6669.52
92 72658.60
48 17195.74
88 64461.24
49 20919.10
76 44102.88
88 65137.38
96 84848.10
72 25711.99
82 54435.30
