20  10113.36
20  9471.08
20  5637.51
20  8760.19
20  9446.86
20  10082.70
20  7353.08
20  10549.01
20  8743.95
20  12006.57
20  11226.19
20  8648.70
20  10272.00
20  12448.14
20  10444.66
20  18080.30
20  14248.58
20  17631.28
20  8636.69
20  13060.04
20  8360.70
20  9435.67
20  12882.01
20  8779.57
20  9231.93
20  7143.20
20  3816.26
20  7477.02
20  7115.34
20  6110.57
20  6080.08
20  5962.04
20  6780.01
20  5892.00
20  4805.39
20  12818.29
20  11876.10
20  11741.66
20  10047.53
20  6439.80
20  7815.96
20  6141.53
20  6767.55
20  6959.91
20  7989.72
