10  1140.51
10  1212.62
10  1714.84
10  3058.24
10  1507.2
10  2027.11
20  2374.06
20  3926.89
20  2532.12
20  2519.25
20  2451.59
20  2456.38
20  2307.78
20  2522.75
20  2541.60
20  4060.49
20  2467.30
20  2282.11
20  2032.44
20  2141.19
20  3429.66
20  2063.35
20  1950.57
20  1928.85
20  2568.50
20  2692.03
20  2663.24
20  2414.99
20  2756.54
20  3007.96
20  2112.01
20  2203.65
20  3192.38
20  2052.04
20  2199.79
20  2165.18
30  5595.91
30  6014.26
30  5830.19
30  5332.94
30  5352.17
30  6485.55
30  6390.09
30  6390.75
30  6339.84
30  9069.69
30  7410.29
30  7159.27
30  7232.81
30  8437.56
30  8136.28
30  8352.11
30  8425.84
30  8748.29
30  9139.30
30  7096.03
30  6547.96
30  6926.79
30  3870.41
30  4459.97
30  4429.04
30  4523.51
30  4455.63
30  4351.87
30  4297.56
30  4315.94
30  4306.68
30  4251.08
30  6808.41
30  7360.85
30  6826.00
30  7222.63
30  10805.33
30  5493.75
30  5661.74
30  5628.99
30  5721.43
30  5743.90
92 74747.81 
48 41068.82 
88 72192.99 
49 41108.03 
76 62884.20 
88 66927.23 
96 87397.93 
72 69697.37 
82 77829.39 
