30  5595.91
30  6014.26
30  5830.19
30  5332.94
30  5352.17
30  6485.55
30  6390.09
30  6390.75
30  6339.84
30  9069.69
30  7410.29
30  7159.27
30  7232.81
30  8437.56
30  8136.28
30  8352.11
30  8425.84
30  8748.29
30  9139.30
30  7096.03
30  6547.96
30  6926.79
30  3870.41
30  4459.97
30  4429.04
30  4523.51
30  4455.63
30  4351.87
30  4297.56
30  4315.94
30  4306.68
30  4251.08
30  6808.41
30  7360.85
30  6826.00
30  7222.63
30  10805.33
30  5493.75
30  5661.74
30  5628.99
30  5721.43
30  5743.90
