20  10958.35
20  86246.85
20  12618.17
20  86248.82
20  5774.98
20  20853.74
20  100837.98
20  86249.33
20  17031.34
20  100837.69
20  5104.66
20  5338.58
20  91612.99
20  144036.06
20  5333.85
20  86246.66
20  134.16
20  86247.51
20  908.26
20  78157.66
20  261.96
20  100.21
20  2654.70
20  10615.22
20  71404.59
20  86247.37
20  86249.11
20  86246.91
20  86248.97
20  31796.57
20  86248.65
20  86248.37
20  44124.13
20  188234.61
20  41458.45
20  26761.20
20  86248.74
20  16757.09
20  86248.87
20  40680.34
20  163.12
20  52942.92
20  8017.66
20  8012.02
20  53413.15
