0  0.3
0  0.33
0  0.32
0  0.84
0  0.3
0  0.09
0  0.19
0  0.45
0  0.19
5  1.92
5  1.57
5  2.02
5  0.48
5  1.92
5  1.84
5  2.57
5  2.35
5  2.54
5  1.85
5  2.38
5  2.59
5  2.01
5  1.58
5  1.80
5  2.56
5  2.52
5  2.45
5  1.50
5  1.87
5  1.07
5  2.13
5  1.24
5  3.04
5  2.52
5  3.74
5  1.99
5  2.31
5  2.53
5  3.30
5  4.18
5  1.70
5  1.71
5  1.63
5  1.89
10  6.58
10  34.01
10  39.55
10  1605.38
10  14315.60
10  1523.97
10  2347.88
10  14021.31
10  86246.90
10  4.60
10  267.47
10  21.80
10  362.69
10  1537.89
10  48.05
10  86248.49
10  11.76
10  77.67
10  416.29
10  9.79
10  1987.86
10  402.11
10  9122.56
10  5026.26
10  2154.73
10  16.31
10  2.55
10  9266.74
10  4.48
10  4.02
10  4.11
10  3.87
10  9478.95
10  5.36
10  28.82
10  95.54
10  1891.53
10  50039.95
10  82735.54
10  433.37
10  207.28
10  2888.57
10  28.41
10  932.50
10  25767.54
20  10958.35
20  86246.85
20  12618.17
20  86248.82
20  5774.98
20  20853.74
20  100837.98
20  86249.33
20  17031.34
20  100837.69
20  5104.66
20  5338.58
20  91612.99
20  144036.06
20  5333.85
20  86246.66
20  134.16
20  86247.51
20  908.26
20  78157.66
20  261.96
20  100.21
20  2654.70
20  10615.22
20  71404.59
20  86247.37
20  86249.11
20  86246.91
20  86248.97
20  31796.57
20  86248.65
20  86248.37
20  44124.13
20  188234.61
20  41458.45
20  26761.20
20  86248.74
20  16757.09
20  86248.87
20  40680.34
20  163.12
20  52942.92
20  8017.66
20  8012.02
20  53413.15
