ILE 0.141957 0.135077 0.063453 0.015953 0.027904 0.041734 0.061106 0.033900 0.024328 0.029269 0.043528 0.037887 0.026609 0.033191 0.033067 0.043179 0.039537 0.025468 0.031331 0.047707 0.035138 0.031075 0.033656 0.038244 0.039827 0.025477 0.028960 0.042690 0.048673 0.028417 0.020387 0.045252 0.054389 0.036051 0.037047 0.033640 0.040496 0.042826 0.035251 0.035242 0.036404 0.030363 0.034085 0.028031 0.045665 0.045569 0.032658
GLN 0.028258 0.026408 0.035081 0.036822 0.087649 0.081879 0.044110 0.038733 0.041172 0.051727 0.044787 0.038709 0.040538 0.051083 0.044351 0.037377 0.036430 0.048026 0.043323 0.037680 0.040504 0.045492 0.052701 0.031101 0.036276 0.047948 0.051835 0.051936 0.026236 0.041745 0.056474 0.040707 0.029777 0.038653 0.048646 0.035896 0.038605 0.043515 0.051813 0.038870 0.043223 0.036772 0.043403 0.038051 0.049514 0.035962 0.044064
GLY 0.000000 0.000000 0.000000 0.000000 0.000000 0.000000 0.000000 0.000000 0.000000 0.000000 0.000000 0.000000 0.000000 0.000000 0.000000 0.000000 0.000000 0.000000 0.000000 0.000000 0.000000 0.000000 0.000000 0.000000 0.000000 0.000000 0.000000 0.000000 0.000000 0.000000 0.000000 0.000000 0.000000 0.000000 0.000000 0.000000 0.000000 0.000000 0.000000 0.000000 0.000000 0.000000 0.000000 0.000000 0.000000 0.000000 0.000000
GLU 0.040472 0.055188 0.057191 0.079038 0.097167 0.094264 0.096248 0.146929 0.159261 0.163181 0.134255 0.127021 0.151563 0.142927 0.122388 0.125289 0.147777 0.147149 0.147488 0.136668 0.133933 0.145608 0.156236 0.138850 0.139601 0.124811 0.138261 0.143214 0.160183 0.153159 0.133544 0.121541 0.143821 0.145724 0.143904 0.142905 0.132718 0.143736 0.135428 0.154859 0.138422 0.149579 0.142383 0.137827 0.142691 0.134880 0.134427
CYS 0.029139 0.104040 0.260122 0.140592 0.086932 0.082645 0.095626 0.102298 0.085976 0.103427 0.094640 0.078086 0.096170 0.091843 0.101530 0.094708 0.094846 0.088896 0.102185 0.082852 0.099994 0.085827 0.100191 0.099578 0.087150 0.101577 0.110575 0.070584 0.086579 0.100755 0.119077 0.078288 0.081874 0.115182 0.105726 0.088693 0.079012 0.101017 0.107918 0.088719 0.067409 0.106585 0.110345 0.111415 0.070720 0.107927 0.091100
ASP 0.002828 0.004162 0.007123 0.008408 0.010333 0.010872 0.023582 0.031330 0.056521 0.043254 0.037092 0.037152 0.041301 0.048399 0.047540 0.036806 0.043200 0.045232 0.042494 0.036427 0.045007 0.042184 0.034530 0.038495 0.036653 0.035284 0.035903 0.050342 0.045036 0.036700 0.036052 0.033944 0.041504 0.049319 0.037775 0.049813 0.038900 0.040355 0.034472 0.039662 0.042831 0.039200 0.033539 0.035607 0.038237 0.043558 0.045626
SER 0.022748 0.034503 0.090252 0.367690 0.213198 0.055547 0.032438 0.094631 0.141533 0.116437 0.065754 0.065823 0.074299 0.111595 0.104886 0.088671 0.051699 0.103899 0.105008 0.090442 0.083493 0.063510 0.097320 0.098235 0.088274 0.086081 0.079102 0.087751 0.085925 0.078963 0.083158 0.093879 0.101346 0.076490 0.070541 0.100191 0.094266 0.085487 0.082893 0.070723 0.110264 0.097376 0.064396 0.094882 0.107527 0.079733 0.080321
LYS 0.060461 0.039877 0.043675 0.040669 0.069323 0.106799 0.112917 0.120836 0.131438 0.099792 0.084023 0.102413 0.139187 0.112461 0.123254 0.095304 0.109869 0.122806 0.115252 0.098971 0.112308 0.116036 0.127329 0.097093 0.106433 0.121129 0.120201 0.114157 0.104480 0.097776 0.118785 0.119067 0.114940 0.117063 0.093319 0.110692 0.131984 0.121300 0.100854 0.102119 0.128779 0.098596 0.119969 0.114777 0.114633 0.103962 0.103578
PRO 0.000000 0.000000 0.000000 0.000000 0.000000 0.000000 0.000000 0.000000 0.000000 0.000000 0.000000 0.000000 0.000000 0.000000 0.000000 0.000000 0.000000 0.000000 0.000000 0.000000 0.000000 0.000000 0.000000 0.000000 0.000000 0.000000 0.000000 0.000000 0.000000 0.000000 0.000000 0.000000 0.000000 0.000000 0.000000 0.000000 0.000000 0.000000 0.000000 0.000000 0.000000 0.000000 0.000000 0.000000 0.000000 0.000000 0.000000
HID 0.001793 0.003045 0.006118 0.008726 0.010746 0.017351 0.028885 0.025960 0.014778 0.011061 0.019765 0.016171 0.020118 0.013267 0.013792 0.017148 0.014835 0.016260 0.013899 0.016284 0.019794 0.017568 0.012218 0.017490 0.026016 0.016942 0.012112 0.020034 0.013300 0.022816 0.016027 0.022073 0.015472 0.017908 0.016089 0.020407 0.024940 0.011247 0.017639 0.022981 0.020928 0.014695 0.019602 0.023717 0.017883 0.010924 0.011879
HIE 0.001140 0.007639 0.005071 0.009307 0.010616 0.009901 0.022047 0.013416 0.013580 0.008358 0.016232 0.012641 0.016982 0.012218 0.013859 0.014304 0.011066 0.014619 0.013551 0.010015 0.014888 0.016666 0.011419 0.015669 0.016076 0.021735 0.006878 0.013330 0.013066 0.020506 0.010763 0.018177 0.013105 0.012249 0.013263 0.014561 0.015783 0.010838 0.014068 0.015281 0.015224 0.010402 0.011394 0.017246 0.015002 0.010852 0.012630
ASN 0.013965 0.021571 0.022022 0.036095 0.113856 0.153297 0.092862 0.068898 0.061770 0.100191 0.098015 0.083223 0.097972 0.093200 0.078435 0.084876 0.101083 0.115133 0.092046 0.068311 0.079139 0.126173 0.119725 0.069735 0.082826 0.108706 0.107658 0.092450 0.066109 0.089910 0.112070 0.105947 0.076679 0.091285 0.120082 0.093931 0.069625 0.092320 0.095293 0.108294 0.085474 0.093652 0.096887 0.077152 0.096555 0.088901 0.112716
HIP 0.002591 0.009569 0.020779 0.030283 0.015968 0.022205 0.030459 0.025531 0.011724 0.013138 0.020255 0.022181 0.024998 0.025834 0.025749 0.018319 0.019978 0.022270 0.022271 0.024463 0.024043 0.018536 0.013257 0.025900 0.022250 0.030982 0.010022 0.022945 0.017792 0.029627 0.013007 0.024401 0.018310 0.016891 0.021331 0.021019 0.020379 0.020403 0.015283 0.028497 0.018554 0.017311 0.019013 0.016692 0.022515 0.023793 0.021356
VAL 0.057882 0.054911 0.019009 0.006680 0.008690 0.014204 0.017959 0.011215 0.010719 0.008523 0.019985 0.017746 0.012674 0.008219 0.013806 0.022334 0.011056 0.007210 0.007345 0.014773 0.015794 0.015511 0.007338 0.016308 0.011579 0.011129 0.008231 0.014505 0.016181 0.010590 0.005395 0.013397 0.012979 0.013611 0.008027 0.009695 0.014289 0.010156 0.011627 0.011499 0.014520 0.008566 0.012835 0.014988 0.015149 0.014097 0.018144
THR 0.020038 0.044829 0.089232 0.057773 0.031297 0.023846 0.029999 0.033754 0.038081 0.033487 0.027672 0.025388 0.031671 0.028201 0.030778 0.024263 0.031636 0.025407 0.034035 0.030221 0.031396 0.025661 0.029338 0.031867 0.025305 0.033999 0.023974 0.024173 0.032151 0.034882 0.034395 0.025698 0.022308 0.032030 0.024625 0.033952 0.017929 0.026035 0.044423 0.031681 0.016249 0.041206 0.028759 0.045098 0.021927 0.027701 0.025405
TRP 0.002319 0.002870 0.020597 0.028991 0.022977 0.006451 0.010092 0.012966 0.021295 0.012201 0.006205 0.018596 0.015586 0.021318 0.008906 0.008890 0.011501 0.016632 0.017657 0.017128 0.008608 0.011012 0.011219 0.016811 0.011268 0.018190 0.012192 0.016726 0.010958 0.014353 0.009319 0.015490 0.014201 0.015164 0.011214 0.012506 0.014743 0.016479 0.012415 0.009066 0.008695 0.026154 0.014229 0.009510 0.009744 0.014097 0.016855
PHE 0.000483 0.005125 0.005340 0.016434 0.008676 0.001826 0.003074 0.005436 0.014509 0.005274 0.001387 0.005208 0.003385 0.005303 0.005604 0.005898 0.004492 0.002980 0.003714 0.006391 0.002138 0.006815 0.005158 0.004223 0.003664 0.004244 0.005968 0.001675 0.001245 0.010288 0.003679 0.002964 0.003055 0.006242 0.003311 0.003440 0.005997 0.006872 0.005145 0.004203 0.002783 0.006545 0.003047 0.003607 0.004468 0.011160 0.007562
ALA 0.002569 0.030300 0.043203 0.011549 0.012981 0.009921 0.017450 0.015159 0.011043 0.014299 0.008919 0.015757 0.012070 0.016995 0.016462 0.013164 0.015875 0.016945 0.012313 0.017363 0.015260 0.013791 0.011236 0.016464 0.013578 0.023329 0.013802 0.008378 0.020363 0.014004 0.020280 0.010750 0.013579 0.016683 0.019283 0.016387 0.015280 0.017369 0.020768 0.017357 0.012941 0.013473 0.019687 0.013465 0.007609 0.014161 0.015786
MET 0.152644 0.057766 0.009993 0.005918 0.011970 0.043924 0.025298 0.011760 0.010520 0.008801 0.013754 0.035336 0.022763 0.005554 0.014604 0.018157 0.020825 0.018153 0.009491 0.015213 0.022865 0.019761 0.007519 0.016088 0.025480 0.020121 0.023255 0.005332 0.010756 0.018264 0.029911 0.018177 0.007065 0.015916 0.020482 0.018473 0.021587 0.006729 0.015159 0.021820 0.018625 0.008933 0.022058 0.021408 0.009751 0.012740 0.017406
LEU 0.370286 0.317869 0.165724 0.059049 0.092894 0.135967 0.153492 0.095579 0.051073 0.085516 0.155535 0.131653 0.078382 0.074661 0.103794 0.132305 0.119400 0.077017 0.081486 0.131009 0.104775 0.095354 0.074525 0.114066 0.120966 0.073168 0.105499 0.108509 0.130796 0.087592 0.075007 0.114755 0.132650 0.086057 0.086932 0.077238 0.105852 0.107214 0.100437 0.103627 0.110020 0.086164 0.093203 0.084341 0.117832 0.118935 0.107420
ARG 0.042336 0.039819 0.033483 0.036805 0.047114 0.056066 0.087498 0.101705 0.093380 0.084392 0.098981 0.103117 0.076167 0.095169 0.087766 0.108687 0.099268 0.075003 0.091854 0.108040 0.100872 0.092347 0.078907 0.098510 0.100349 0.082943 0.090257 0.097205 0.100674 0.101760 0.086993 0.082208 0.085911 0.090555 0.111206 0.098893 0.097745 0.084693 0.083966 0.090577 0.095777 0.105471 0.089659 0.095741 0.076963 0.093598 0.095147
TYR 0.006090 0.005431 0.002532 0.003216 0.019708 0.031302 0.014858 0.009963 0.007297 0.007674 0.009216 0.025893 0.017566 0.008562 0.009428 0.010319 0.015628 0.010895 0.013256 0.010042 0.010051 0.011072 0.016178 0.015272 0.006427 0.012204 0.015316 0.014063 0.009497 0.007891 0.015677 0.013288 0.017036 0.006926 0.007197 0.017669 0.019869 0.011409 0.015148 0.004922 0.012878 0.008957 0.021507 0.016444 0.015615 0.007451 0.005920
