ILE 0.179421 0.191515 0.195133 0.168675 0.170802 0.196724 0.180131 0.174923 0.178483 0.183290 0.181721 0.172330 0.180043 0.187493 0.185562 0.171595 0.176007 0.178066 0.177297 0.184228 0.172199 0.175901 0.178208 0.183657 0.177826 0.172022 0.180862 0.154006 0.188773 0.193660 0.184577 0.181021 0.190200 0.179445 0.175108 0.179529 0.177776 0.175068 0.172745 0.176500 0.185566 0.172190 0.176508 0.167195 0.177958 0.182317 0.195350
GLN 0.003252 0.007717 0.020511 0.027975 0.018048 0.005678 0.012423 0.020389 0.023026 0.012630 0.011028 0.012772 0.015055 0.019289 0.012084 0.006852 0.012368 0.015967 0.018718 0.012235 0.015462 0.012464 0.011338 0.018829 0.015431 0.015396 0.020165 0.012237 0.008575 0.014580 0.017042 0.017033 0.017162 0.013157 0.016053 0.010061 0.017240 0.020502 0.012597 0.018279 0.017536 0.010905 0.014683 0.014521 0.020410 0.014465 0.012076
GLY 0.000000 0.000000 0.000000 0.000000 0.000000 0.000000 0.000000 0.000000 0.000000 0.000000 0.000000 0.000000 0.000000 0.000000 0.000000 0.000000 0.000000 0.000000 0.000000 0.000000 0.000000 0.000000 0.000000 0.000000 0.000000 0.000000 0.000000 0.000000 0.000000 0.000000 0.000000 0.000000 0.000000 0.000000 0.000000 0.000000 0.000000 0.000000 0.000000 0.000000 0.000000 0.000000 0.000000 0.000000 0.000000 0.000000 0.000000
GLU 0.016372 0.022292 0.017861 0.016303 0.040972 0.058581 0.064824 0.051596 0.035766 0.038839 0.052318 0.052745 0.046317 0.043422 0.047458 0.047080 0.038667 0.045332 0.045702 0.048774 0.040794 0.047661 0.043586 0.041733 0.041823 0.041192 0.051558 0.044893 0.043062 0.046661 0.048111 0.040027 0.042417 0.048773 0.049233 0.041634 0.058516 0.040585 0.048301 0.039715 0.045254 0.043007 0.050488 0.048450 0.040279 0.047868 0.047239
CYS 0.077066 0.081334 0.096311 0.097608 0.076473 0.082026 0.075469 0.085230 0.109435 0.103328 0.095289 0.094778 0.086846 0.082505 0.104516 0.092136 0.090806 0.085864 0.095839 0.076226 0.097122 0.091664 0.090370 0.086303 0.093787 0.102267 0.098425 0.108124 0.085124 0.084371 0.081966 0.089778 0.096911 0.096522 0.089937 0.094253 0.084266 0.092939 0.112058 0.087492 0.085440 0.089296 0.097632 0.097894 0.106840 0.081807 0.091199
ASP 0.010826 0.014414 0.013544 0.011435 0.038549 0.039085 0.042038 0.029986 0.020856 0.022059 0.027715 0.029130 0.025801 0.032771 0.029007 0.032445 0.028886 0.029221 0.019750 0.029799 0.040108 0.032737 0.034780 0.023682 0.028773 0.032595 0.025609 0.035707 0.033625 0.028024 0.022660 0.032003 0.027041 0.024549 0.031866 0.025995 0.033624 0.031508 0.028794 0.024290 0.025292 0.034159 0.022681 0.028006 0.029019 0.034486 0.030417
SER 0.047561 0.064466 0.049937 0.051350 0.047973 0.038717 0.048166 0.049285 0.058553 0.057923 0.037308 0.059948 0.050305 0.060323 0.044863 0.049496 0.054375 0.057954 0.060432 0.051913 0.046452 0.042686 0.048397 0.057452 0.058924 0.061489 0.058751 0.044251 0.052975 0.048225 0.053615 0.050340 0.046520 0.054731 0.048857 0.049442 0.064485 0.042986 0.055748 0.052625 0.046979 0.065167 0.053842 0.049132 0.049218 0.058664 0.051320
LYS 0.034518 0.017896 0.013417 0.028086 0.054171 0.049175 0.034130 0.028327 0.038705 0.030846 0.043092 0.035480 0.037803 0.029773 0.037644 0.036466 0.032240 0.029151 0.037496 0.041338 0.036391 0.035775 0.034942 0.030312 0.044956 0.030866 0.035555 0.038643 0.040934 0.034359 0.028144 0.033835 0.040331 0.044393 0.038260 0.029367 0.028004 0.033554 0.042315 0.048452 0.032566 0.025884 0.031522 0.042179 0.042836 0.038300 0.041447
PRO 0.000000 0.000000 0.000000 0.000000 0.000000 0.000000 0.000000 0.000000 0.000000 0.000000 0.000000 0.000000 0.000000 0.000000 0.000000 0.000000 0.000000 0.000000 0.000000 0.000000 0.000000 0.000000 0.000000 0.000000 0.000000 0.000000 0.000000 0.000000 0.000000 0.000000 0.000000 0.000000 0.000000 0.000000 0.000000 0.000000 0.000000 0.000000 0.000000 0.000000 0.000000 0.000000 0.000000 0.000000 0.000000 0.000000 0.000000
HID 0.000840 0.000399 0.002011 0.004261 0.006052 0.000189 0.002762 0.004489 0.002436 0.000392 0.002383 0.004749 0.002996 0.002669 0.000312 0.000096 0.001663 0.004027 0.003591 0.001736 0.003820 0.002847 0.002186 0.002887 0.003742 0.003579 0.005138 0.002578 0.002912 0.000951 0.002774 0.004961 0.001848 0.000768 0.002194 0.001915 0.006184 0.001979 0.001702 0.001161 0.001880 0.003382 0.001173 0.004961 0.002823 0.005688 0.000968
HIE 0.001349 0.002829 0.002931 0.001579 0.004662 0.000989 0.005104 0.004563 0.001529 0.000792 0.000451 0.007018 0.001467 0.004587 0.001944 0.000865 0.001219 0.002948 0.002542 0.002846 0.000580 0.001348 0.002089 0.004971 0.002524 0.002531 0.003797 0.000830 0.001222 0.001748 0.001602 0.002309 0.005421 0.000462 0.000709 0.004464 0.004270 0.002749 0.001124 0.004403 0.002573 0.002793 0.003231 0.004521 0.000784 0.005686 0.001671
ASN 0.003575 0.008385 0.034706 0.055030 0.028469 0.014036 0.020977 0.039807 0.044154 0.019517 0.021379 0.032552 0.031501 0.030000 0.033524 0.028658 0.020113 0.028007 0.049133 0.022201 0.023036 0.024784 0.026733 0.038317 0.026377 0.025650 0.027242 0.027173 0.020751 0.029071 0.031721 0.032347 0.030348 0.025440 0.022370 0.029246 0.031137 0.027507 0.021062 0.027448 0.027479 0.023333 0.028279 0.032613 0.031565 0.023110 0.026185
HIP 0.001774 0.006134 0.004636 0.002567 0.005664 0.002000 0.009083 0.009605 0.007374 0.005423 0.009430 0.006608 0.006599 0.007100 0.005360 0.005590 0.005873 0.007098 0.005403 0.007156 0.006957 0.003767 0.005213 0.006552 0.008463 0.001766 0.007690 0.005481 0.004869 0.004292 0.010343 0.007084 0.005132 0.005783 0.003740 0.005008 0.006380 0.009676 0.006219 0.002060 0.004623 0.008465 0.005909 0.004225 0.004317 0.007583 0.004085
VAL 0.150705 0.140807 0.148921 0.142264 0.141978 0.138653 0.137426 0.136898 0.125268 0.134085 0.137925 0.138627 0.134759 0.131228 0.127111 0.131170 0.140174 0.129967 0.123781 0.144283 0.126208 0.135098 0.142031 0.138017 0.129397 0.130798 0.130033 0.136516 0.139583 0.135830 0.134953 0.144528 0.124065 0.125047 0.140036 0.141601 0.130525 0.138325 0.136769 0.136725 0.134277 0.137623 0.140094 0.132587 0.128887 0.142510 0.127971
THR 0.017224 0.014785 0.015403 0.018913 0.012137 0.009122 0.006298 0.010527 0.014586 0.016157 0.008504 0.010313 0.010519 0.011237 0.015455 0.014698 0.012533 0.010441 0.015949 0.012621 0.015681 0.018108 0.011100 0.009764 0.014264 0.020429 0.007964 0.009790 0.007024 0.014030 0.014930 0.012695 0.014796 0.018323 0.011313 0.013255 0.019455 0.012883 0.010406 0.016231 0.011621 0.007347 0.022029 0.020221 0.014026 0.009565 0.012377
TRP 0.016425 0.022058 0.021149 0.009458 0.015853 0.016905 0.025332 0.023834 0.022412 0.024379 0.023112 0.019252 0.019878 0.015941 0.019562 0.022606 0.025317 0.021353 0.016345 0.019440 0.016502 0.022292 0.023196 0.022365 0.016251 0.019686 0.012375 0.023688 0.018310 0.013939 0.022879 0.021926 0.021187 0.016972 0.020877 0.023599 0.025634 0.022511 0.020411 0.018825 0.022014 0.020830 0.017197 0.015708 0.020612 0.012584 0.019799
PHE 0.040470 0.032263 0.021268 0.021690 0.023358 0.024504 0.024704 0.020551 0.020979 0.027794 0.024637 0.018661 0.026206 0.019833 0.026226 0.028693 0.027006 0.023786 0.025958 0.024572 0.022902 0.023602 0.021835 0.024202 0.024557 0.020828 0.022417 0.036414 0.021211 0.022416 0.026023 0.026913 0.028441 0.017544 0.023885 0.023629 0.023873 0.024550 0.023138 0.025492 0.022121 0.024276 0.024646 0.027713 0.025724 0.024175 0.024721
ALA 0.054671 0.059004 0.055650 0.058370 0.050733 0.048657 0.050806 0.044153 0.047979 0.042873 0.056990 0.044096 0.048186 0.050055 0.054690 0.052240 0.051320 0.048265 0.051220 0.057875 0.054208 0.058651 0.049989 0.047586 0.050447 0.052685 0.045943 0.052375 0.060329 0.049999 0.055711 0.044938 0.052356 0.049918 0.050563 0.044285 0.041300 0.052335 0.050974 0.053508 0.047600 0.048647 0.049324 0.050497 0.052130 0.052516 0.049019
MET 0.145957 0.061516 0.011097 0.008292 0.013547 0.019170 0.025127 0.027276 0.017102 0.014934 0.016498 0.013136 0.030407 0.026001 0.012863 0.025107 0.016865 0.023338 0.009410 0.025202 0.034115 0.018060 0.016947 0.018044 0.018550 0.020068 0.023368 0.025526 0.015978 0.013786 0.014301 0.024289 0.029775 0.022519 0.012202 0.021382 0.026508 0.017270 0.014975 0.015406 0.024750 0.018000 0.018421 0.027218 0.020228 0.015597 0.018345
LEU 0.191974 0.209744 0.215140 0.197220 0.190376 0.209629 0.187993 0.181033 0.174270 0.202979 0.197239 0.197178 0.198793 0.191815 0.194161 0.198314 0.201410 0.200213 0.177883 0.197331 0.196183 0.195041 0.198526 0.189987 0.198327 0.195870 0.186698 0.191833 0.194830 0.197772 0.193017 0.191489 0.187844 0.188362 0.201795 0.201043 0.175085 0.189824 0.190131 0.205462 0.205422 0.201831 0.184190 0.179845 0.184103 0.188511 0.195191
ARG 0.000422 0.029457 0.034990 0.042522 0.031180 0.018708 0.019575 0.029436 0.034293 0.034231 0.021527 0.021320 0.022741 0.025038 0.020677 0.027869 0.037676 0.029132 0.025781 0.021776 0.023487 0.027732 0.032121 0.026966 0.021516 0.023841 0.023242 0.031867 0.028480 0.033908 0.022317 0.021135 0.024848 0.026082 0.030591 0.026377 0.023160 0.032332 0.025483 0.021814 0.023247 0.035071 0.029912 0.023788 0.022034 0.026644 0.026541
TYR 0.005597 0.012984 0.025384 0.036404 0.029002 0.027451 0.027631 0.028093 0.022794 0.027526 0.031454 0.029306 0.023776 0.028918 0.026981 0.028024 0.025482 0.029868 0.037768 0.018446 0.027794 0.029783 0.026413 0.028374 0.024063 0.026442 0.033169 0.018068 0.031434 0.032380 0.033316 0.021347 0.013358 0.041212 0.030410 0.033917 0.022579 0.030918 0.025048 0.024111 0.033760 0.027795 0.028240 0.028725 0.026207 0.027924 0.024080
